0.100303 0
0.200044 0
0.300092 0
0.40054 0
0.500034 0
0.600011 0
0.700154 0
0.800071 0
0.900095 0
1.000072 0
1.100007 0
1.200056 0
1.300279 0
1.400119 0
1.500183 0
1.600023 0
1.700022 0
1.800551 0
1.900391 0
2.000231 0
2.100071 0
2.200095 0
2.300072 0
2.400007 0
2.500056 0
2.600279 0
2.700119 0
2.800183 0
2.900023 0
3.000022 0
3.100551 56700
3.20001 56700
3.300051 54600
3.40125 56700
3.500215 56700
3.600051 54600
3.700315 56700
3.800696 56700
3.900315 54600
4.00125 56700
4.100058 56700
4.200007 54600
4.300813 56700
4.4025 56700
4.500368 54600
4.600276 56700
4.7025 56700
4.8 54600
4.900111 56700
5.000081 56700
5.1 54600
5.201049 56700
5.301264 56700
5.4 54600
5.500384 56700
5.600178 56700
5.7 54600
5.80125 56700
5.900424 56700
6.000219 54600
6.103236 0
6.200315 0
6.300236 0
6.400076 0
6.5001 0
6.600458 0
6.700298 0
6.800138 0
6.900162 0
7.000002 0
7.100074 0
7.200122 0
7.300346 0
7.400186 0
7.500026 0
7.60009 0
7.700089 0
7.800618 0
7.900458 0
8.000298 0
8.100138 0
8.200162 0
8.300002 0
8.400074 0
8.500122 0
8.600346 0
8.700186 0
8.800026 0
8.90009 0
9.000089 0
9.100247 0
9.200087 0
9.300151 0
9.40015 0
9.500679 0
9.600519 0
9.700359 0
9.800199 0
9.900039 0
9.977624 0
