0.100303 0
0.200044 458000
0.300092 499200
0.40054 499200
0.500034 447200
0.600011 509600
0.700154 499200
0.800071 447200
0.900095 499200
1.000072 509600
1.100007 499200
1.200056 499200
1.300279 499200
1.400119 499200
1.500183 499200
1.600023 499200
1.700022 499200
1.800551 499200
1.900391 499200
2.000231 499200
2.100071 499200
2.200095 499200
2.300072 509600
2.400007 499200
2.500056 499200
2.600279 499200
2.700119 499200
2.800183 499200
2.900023 499200
3.000022 499200
3.100551 499200
3.20001 426400
3.300051 260000
3.40125 270400
3.500215 176800
3.600051 291200
3.700315 145600
3.800696 208000
3.900315 208000
4.00125 176800
4.100058 260000
4.200007 104000
4.300813 239200
4.4025 218400
4.500368 176800
4.600276 218400
4.7025 93600
4.8 291200
4.900111 260000
5.000081 114400
5.1 156000
5.201049 280800
5.301264 156000
5.4 270400
5.500384 228800
5.600178 145600
5.7 249600
5.80125 218400
5.900424 197600
6.000219 187200
6.103236 124800
6.200315 291200
6.300236 280800
6.400076 499200
6.5001 499200
6.600458 457600
6.700298 499200
6.800138 499200
6.900162 499200
7.000002 499200
7.100074 509600
7.200122 499200
7.300346 499200
7.400186 499200
7.500026 499200
7.60009 499200
7.700089 499200
7.800618 499200
7.900458 499200
8.000298 499200
8.100138 499200
8.200162 499200
8.300002 499200
8.400074 509600
8.500122 499200
8.600346 499200
8.700186 499200
8.800026 499200
8.90009 499200
9.000089 478400
9.100247 478400
9.200087 499200
9.300151 499200
9.40015 499200
9.500679 499200
9.600519 499200
9.700359 499200
9.800199 499200
9.900039 499200
9.977624 374400
