0.100303 0
0.204632 52400
0.302132 62400
0.400864 72800
0.50326 62400
0.60076 62400
0.708382 62400
0.805882 62400
0.903382 62400
1.000882 62400
1.100646 72800
1.20201 62400
1.300117 62400
1.407132 62400
1.504632 62400
1.602132 62400
1.700864 72800
1.80326 62400
1.90076 62400
2.008382 62400
2.105882 62400
2.203382 62400
2.300882 62400
2.400646 72800
2.50201 62400
2.600883 52000
2.700647 72800
2.802011 62400
2.900117 62400
3.000368 62400
3.10125 62400
3.202133 62400
3.300368 72800
3.40125 52000
3.5025 20800
3.600368 20800
3.70125 20800
3.8025 20800
3.900368 10400
4.00125 0
4.100187 31200
4.200368 62400
4.30125 62400
4.4025 31200
4.500368 0
4.60125 0
4.7025 0
4.8 0
4.900023 10400
5.000736 62400
5.1 62400
5.20125 62400
5.3025 62400
5.4 10400
5.50125 0
5.6025 0
5.7 0
5.80125 31200
5.9025 0
6.015136 0
6.115936 0
6.200136 0
6.300736 0
6.401536 0
6.502336 0
6.606809 10400
6.704309 62400
6.800736 62400
6.900541 72800
7.002937 62400
7.100437 62400
7.208059 62400
7.305559 62400
7.403059 62400
7.500559 62400
7.600323 72800
7.701687 62400
7.800176 62400
7.906809 62400
8.004309 62400
8.101809 62400
8.200541 72800
8.302937 62400
8.400437 62400
8.508059 62400
8.605559 62400
8.703059 62400
8.800559 62400
8.900323 72800
9.001687 62400
9.100176 62400
9.206809 62400
9.304309 62400
9.401809 62400
9.500541 72800
9.602937 62400
9.700437 62400
9.808059 62400
9.905559 62400
9.993543 62400
