0.200016 229000
0.400279 499200
0.600098 483600
0.800219 483600
1.000202 499200
1.200186 504400
1.400249 499200
1.600091 499200
1.800187 499200
2.000099 499200
2.200059 499200
2.400042 499200
2.600026 504400
2.800089 499200
3.000115 499200
3.200027 499200
3.400219 499200
3.600061 483600
3.800021 499200
4.000004 499200
4.20037 504400
4.40005 499200
4.600077 499200
4.800221 499200
5.000181 499200
5.200164 499200
5.400147 504400
5.60021 499200
5.800053 499200
6.000149 499200
6.200038 483600
6.400182 499200
6.600142 499200
6.800126 499200
7.000109 504400
7.200172 499200
7.400014 499200
7.60011 499200
7.800022 499200
8.000286 499200
8.200269 504400
8.400332 499200
8.60007 483600
8.800134 499200
9.00016 499200
9.200072 499200
9.400264 499200
9.600247 499200
9.80023 504400
9.98951 468000
