0.100303 0
0.200016 0
0.300136 0
0.400279 0
0.500258 0
0.600098 0
0.700241 0
0.800219 0
0.900059 0
1.000202 0
1.100042 0
1.200186 0
1.300026 0
1.400249 0
1.500089 0
1.600091 0
1.700115 0
1.800187 0
1.900027 0
2.000099 0
2.100219 0
2.200059 0
2.300202 0
2.400042 0
2.500186 0
2.600026 0
2.700249 0
2.800089 0
2.900091 0
3.000115 0
3.100187 0
3.200027 0
3.300099 0
3.400219 0
3.500106 0
3.600061 0
3.700181 0
3.800106 0
3.900164 0
4.000004 0
4.100106 0
4.200368 0
4.30021 0
4.40005 0
4.500053 0
4.600077 0
4.700106 0
4.8 0
4.900061 0
5.000106 0
5.1 0
5.200164 0
5.300005 0
5.4 0
5.50037 0
5.600106 0
5.7 0
5.800053 0
5.900077 0
6.000149 0
6.100014 0
6.200038 0
6.30011 0
6.400182 0
6.500022 0
6.600142 0
6.700286 0
6.800126 0
6.900269 0
7.000109 0
7.100332 0
7.200172 0
7.300012 0
7.400014 0
7.500038 0
7.60011 0
7.700182 0
7.800022 0
7.900142 0
8.000286 0
8.100126 0
8.200269 0
8.300109 0
8.400332 0
8.500334 0
8.60007 0
8.700294 0
8.800134 0
8.900136 0
9.00016 0
9.1 0
9.200072 0
9.300144 0
9.400264 0
9.500104 0
9.600247 0
9.700087 0
9.80023 0
9.90007 0
9.98951 0
