0.100303 0
0.204632 0
0.302132 0
0.400864 0
0.50326 0
0.60076 0
0.708382 0
0.805882 0
0.903382 0
1.000882 0
1.100646 0
1.20201 0
1.300117 0
1.407132 0
1.504632 0
1.602132 0
1.700864 0
1.80326 0
1.90076 0
2.008382 0
2.105882 0
2.203382 0
2.300882 0
2.400646 0
2.50201 0
2.600883 0
2.700647 0
2.802011 0
2.900117 0
3.000368 0
3.10125 56700
3.202133 56700
3.300368 54600
3.40125 56700
3.5025 56700
3.600368 54600
3.70125 56700
3.8025 56700
3.900368 54600
4.00125 56700
4.100187 56700
4.200368 54600
4.30125 56700
4.4025 56700
4.500368 54600
4.60125 56700
4.7025 56700
4.8 54600
4.900023 56700
5.000736 56700
5.1 54600
5.20125 56700
5.3025 56700
5.4 54600
5.50125 56700
5.6025 56700
5.7 54600
5.80125 56700
5.9025 56700
6.015136 54600
6.115936 0
6.200136 0
6.300736 0
6.401536 0
6.502336 0
6.606809 0
6.704309 0
6.800736 0
6.900541 0
7.002937 0
7.100437 0
7.208059 0
7.305559 0
7.403059 0
7.500559 0
7.600323 0
7.701687 0
7.800176 0
7.906809 0
8.004309 0
8.101809 0
8.200541 0
8.302937 0
8.400437 0
8.508059 0
8.605559 0
8.703059 0
8.800559 0
8.900323 0
9.001687 0
9.100176 0
9.206809 0
9.304309 0
9.401809 0
9.500541 0
9.602937 0
9.700437 0
9.808059 0
9.905559 0
9.993543 0
